0.17222040098005986
-0.85065627651653863
-0.64014970061605081
0.81840941538853684
-0.4913862118568495
-0.20191189927358866
-0.067169832082109471
0.44485470072566513
-0.63507899826374503
0.66838484007951737
0.32738317575579989
0.80083975889571613
0.70169786533725786
-0.28767846837995559
-0.62039109158697903
0.3801879735257947
0.51165010568468361
0.016000994928980994
0.66552076901377211
0.26780731581827655
-0.47993555190657533
0.071395506395708352
-0.3298656748359543
-0.0088589358627886305
-0.72206654381898749