0.59647368904677678
-0.78731159402652429
0.34882893465675346
-0.58377498880313738
-0.041445364303732024
0.82984265693249881
0.81813021248829854
0.24342129984708971
-0.73968246696746998
-0.012362505350128616
0.25274737509861356
-0.10911891640980609
0.54441443820567925
0.30081423961127496
-0.63930570432832456
-0.49109176597334803
-0.53647615624161826
-0.0029135930999253379
0.42387265202786373
-0.62439191585918707
-0.50087075595594444
-0.10614924032863438
0.70213235861447454
-0.028153008660716905
0.39358363486891812
0.62641232268514568
-0.35900001084308442
-0.95602631118210457
-0.93243899706107825
0.13678122330198894